2403
2541
2683
2715
2768
2775
2903
2976
2985
3031
3077
3079
3147
3166
3184
3198
3319
3344
3351
3368
3377
3379
3486
3556
3596
3623
3631
3672
3675
3726
3810
3877
3893
3938
3953
4013
4030
4088
4123
4125
4136
4144
4157
4178
4189
4192
4216
4242
4254
4258
4303
4321
4340
4365
4374
4394
4406
4414
4429
4442
4449
4450
4472
4477
4486
4487
4498
4501
4526
4527
4535
4548
4559
4564
4569
4571
4579
4593
4594
4621
4636
4651
4654
4689
4710
4725
4731
4754
4826
4861
4866
5005
5033
5055
5204
5248
5322
5334
5364
5371
5377
5585
5669
5701
5746
5792
5813
5850
5985
6015
6118
6384
6503
